Pneumothorax:96:29:0.5457916403150497
Consolidation:353:216:0.6961051269194306
Atelectasis:186:47:0.4425969188432059
Cardiomegaly:2300:294:0.37820326007659666
Lung Opacity:1322:578:0.5959312958810506
Pleural effusion:1032:414:0.539334561212833
