Pneumothorax:96:68:0.7184814868184427
Consolidation:353:228:0.6681354576695404
Atelectasis:186:79:0.48974727567846094
Cardiomegaly:2300:611:0.41625481176665863
Lung Opacity:1322:771:0.6358406566021437
Pleural effusion:1032:557:0.5898668649791408
